no,name,url
0,อารีนา การ์เดนท์ บางนา-สุวรรณภูมิ,https://www.home.co.th/home/i/2472-%E0%B8%AD%E0%B8%B2%E0%B8%A3%E0%B8%B5%E0%B8%99%E0%B8%B2-%E0%B8%81%E0%B8%B2%E0%B8%A3%E0%B9%8C%E0%B9%80%E0%B8%94%E0%B8%99%E0%B8%97%E0%B9%8C-%E0%B8%9A%E0%B8%B2%E0%B8%87%E0%B8%99%E0%B8%B2-%E0%B8%AA%E0%B8%B8%E0%B8%A7%E0%B8%A3%E0%B8%A3%E0%B8%93%E0%B8%A0%E0%B8%B9%E0%B8%A1%E0%B8%B4
